75
79
119
137
143
330
344
363
384
393
432
449
451
568
569
604
617
698
763
766
886
942
996
1002
1047
1069
1104
1142
1198
1233
1276
1280
1331
1333
1432
1449
1462
1549
1607
1608
1610
1619
1629
1658
1688
1688
1793
1878
1907
1927
1944
1973
2008
2037
2075
2079
2093
2122
2139
2167
2178
2205
2233
2233
2256
2265
2353
2358
2371
2407
2453
2471
2477
2485
2500
2574
2636
2639
2679
2717
2719
2719
2724
2741
2803
2805
2815
2933
2948
2993
3069
3107
3114
3136
3184
3194
3206
3222
3269
3274
3305
3348
3384
3393
3405
3443
3482
3484
3485
3490
3492
3500
3505
3519
3535
3549
3565
3577
3672
3675
3728
3767
3791
3795
3841
3914
3922
3964
4031
4036
4056
4060
4112
4126
4157
4168
4186
4282
4288
4456
4562
4600
4680
4718
4745
4769
4803
4966
5036
5095
5142
5145
5250
5258
5281
5311
5345
5412
5435
5477
5503
5506
5526
5573
5628
5696
5728
5746
5859
5869
5878
5911
5926
5966
6022
6027
6088
6089
6093
6114
6201
6267
6269
6274
6300
6497
6498
6511
6612
6619
6726
6727
6760
6769
6795
6838
6889
6919
6921
6931
7050
7090
7091
7139
7151
7173
7183
7198
7207
7353
7365
7378
7416
7499
7510
7537
7556
7557
7566
7590
7592
7608
7639
7670
7717
7742
7792
7814
7836
7887
7889
7895
7953
7966
7991
8017
8033
8061
8070
8083
8092
8173
8175
8291
8323
8331
8333
8375
8382
8518
8544
8550
8561
8601
8617
8692
8695
8772
8824
8838
8841
8857
8868
9081
9090
9114
9117
9128
9138
9172
9180
9274
9289
9300
9334
9344
9347
9364
9378
9413
9432
9484
9498
9505
9529
9539
9591
9682
9820
9884
9887
9887
9906
10017
10077
10151
10191
10206
10225
10227
10235
10245
10325
10326
10332
10376
10389
10415
10468
10473
10518
10533
10562
10572
10585
10597
10637
10672
10724
10763
10823
10881
10947
10967
10979
10988
11056
11090
11113
11124
11141
11171
11205
11209
11221
11257
11313
11326
11330
11425
11427
11448
11499
11536
11545
11558
11636
11646
11654
11747
11773
11836
11864
11916
11932
11961
11994
12114
12123
12143
12194
12245
12247
12373
12408
12456
12457
12457
12490
12507
12554
12592
12620
12625
12643
12644
12653
12656
12662
12777
12815
12878
12926
12927
12969
12977
12977
13112
13152
13161
13179
13198
13206
13231
13273
13336
13354
13360
13427
13472
13487
13506
13551
13573
13586
13592
13617
13630
13694
13752
13834
13862
13884
13905
13909
13933
13955
13957
13959
13998
14003
14027
14115
14149
14173
14189
14203
14234
14237
14265
14311
14312
14334
14422
14497
14523
14583
14589
14594
14689
14694
14710
14713
14732
14733
14739
14777
14888
14910
14985
14997
14999
15009
15011
15042
15174
15185
15218
15323
15341
15363
15385
15400
15401
15455
15486
15493
15497
15514
15538
15602
15609
15614
15614
15628
15679
15711
15718
15732
15757
15781
15803
15817
15859
15869
15896
15914
15926
15948
15988
15989
15995
16029
16052
16062
16068
16134
16170
16237
16259
16277
16287
16333
16360
16412
16454
16473
16711
16768
16771
16800
16858
16955
16993
17029
17061
17077
17093
17094
17113
17162
17177
17187
17205
17218
17232
17280
17315
17345
17351
17425
17433
17489
17502
17507
17508
17561
17697
17720
17722
17748
17754
17783
17802
17828
17828
17877
17905
17979
18080
18106
18126
18151
18163
18167
18188
18317
18333
18336
18344
18377
18380
18398
18409
18449
18451
18464
18466
18491
18504
18560
18612
18683
18684
18706
18833
18883
18927
19114
19118
19173
19174
19185
19197
19296
19330
19333
19367
19544
19587
19588
19606
19676
19685
19706
19734
19760
19767
19773
19848
19861
19887
19904
19943
19977
19993
19994
20024
20040
20102
20104
20154
20163
20175
20214
20283
20326
20339
20346
20346
20366
20430
20450
20510
20531
20565
20573
20595
20606
20619
20635
20646
20659
20662
20666
20688
20692
20704
20762
20769
20816
20849
20894
21011
21025
21030
21033
21075
21107
21149
21160
21164
21192
21351
21376
21394
21409
21427
21434
21446
21499
21537
21537
21544
21556
21573
21595
21596
21687
21793
21799
21833
21937
21952
21967
21987
22021
22049
22078
22084
22133
22151
22255
22334
22398
22419
22445
22454
22466
22494
22509
22516
22551
22574
22583
22701
22736
22753
22777
22780
22828
22833
22878
22888
22941
22957
22969
23001
23025
23059
23078
23140
23145
23193
23209
23227
23244
23304
23379
23399
23442
23466
23481
23522
23553
23609
23723
23725
23727
23847
23861
23913
23919
23934
23987
24001
24028
24075
24169
24169
24215
24228
24292
24351
24356
24409
24412
24425
24615
24635
24658
24658
24699
24793
24817
24882
24915
24977
24980
24984
25057
25069
25083
25141
25165
25223
25250
25276
25302
25322
25346
25352
25361
25433
25493
25516
25530
25547
25566
25648
25689
25705
25708
25730
25747
25759
25761
25788
25831
25876
25881
25931
25932
25948
25978
26019
26078
26087
26092
26110
26156
26201
26239
26256
26282
26285
26298
26352
26372
26384
26392
26407
26412
26483
26510
26522
26541
26544
26634
26734
26752
26759
26780
26843
26849
26876
26967
27042
27088
27089
27169
27381
27428
27439
27473
27566
27579
27623
27635
27639
27701
27704
27717
27772
27788
27867
28026
28043
28189
28201
28224
28243
28254
28255
28309
28324
28360
28416
28426
28445
28460
28478
28487
28505
28568
28595
28625
28639
28678
28816
28867
28917
28934
28964
29045
29057
29124
29127
29134
29147
29166
29357
29388
29430
29452
29521
29525
29529
29532
29541
29586
29602
29618
29685
29690
29691
29701
29753
29773
29775
29781
29781
29809
29813
29834
29853
29942
29957
30057
30115
30125
30142
30174
30177
30257
30340
30359
30368
30392
30399
30417
30419
30421
30456
30481
30491
30560
30561
30572
30590
30592
30685
30686
30698
30700
30735
30772
30791
30823
30826
30865
30926
30972
31030
31049
31087
31099
31182
31183
31191
31205
31321
31325
31327
31333
31389
31450
31478
31481
31582
31624
31640
31687
31746
31794
31886
31927
31934
31969
32017
32020
32025
32080
32091
32104
32146
32170
32178
32196
32203
32248
32268
32268
32327
32377
32393
32415
32425
32462
32506
32560
32590
32595
32602
32626
32642
32698
32712
32749
32757
